% LTI state space matrices of single track linear vehicle model.
%% Parameters of other vehicles
% Audi R8
A_AudiR8=[  -8.4784,   0.0000, -19.3087,   0.0000;
             1.0000,   0.0000,   0.0000,   0.0000;
             0.5844,   0.0000, -12.8086,   0.0000;
             0.0000,   0.0000,   1.0000,   0.0000];

B_AudiR8=[87.5449;
           0;
          89.5532;
           0];
% BMW 5er
A_BMW5 = [  -8.4637,   0.0000, -19.2569,   0.0000;
             1.0000,   0.0000,   0.0000,   0.0000;
             0.5212,   0.0000, -12.3769,   0.0000;
             0.0000,   0.0000,   1.0000,   0.0000];

B_BMW5 = [  89.8063;
             0.0000;
            79.8653;
             0.0000];

% Ford Focus
A_FordFocus = [  -8.4116,  0.0000, -19.3344,   0.0000;
                  1.0000,  0.0000,   0.0000,   0.0000;
                  0.5746,  0.0000, -12.7389,   0.0000;
                  0.0000,  0.0000,   1.0000,   0.0000];

B_FordFocus = [  97.7919;
                  0.0000;
                 88.0474;
                  0.0000];

% Lexus RX400h
A_LexusRX400h = [  -8.5152,   0.0000, -19.2821,   0.0000;
                    1.0000,   0.0000,   0.0000,   0.0000;
                    0.5362,   0.0000, -12.0527,   0.0000;
                    0.0000,   0.0000,   1.0000,   0.0000];

B_LexusRX400h = [  81.9126;
                    0.0000;
                   82.1694;
                    0.0000];

% McLaren F1
A_McLarenF1 = [  -8.7520,  0.0000, -19.3560,   0.0000;
                  1.0000,  0.0000,   0.0000,   0.0000;
                  0.6440,  0.0000, -15.4804,   0.0000;
                  0.0000,  0.0000,   1.0000,   0.0000];

B_McLarenF1 = [  45.6217;
                  0.0000;
                 98.6796;
                  0.0000];

% Mercedes Sprinter
A_MercedesSprinter = [  -8.4160,   0.0000, -19.0875,   0.0000;
                         1.0000,   0.0000,   0.0000,   0.0000;
                         0.7039,   0.0000, -21.3016,   0.0000;
                         0.0000,   0.0000,   1.0000,   0.0000];

B_MercedesSprinter = [  97.1094;
                         0.0000;
                       107.8634;
                         0.0000];

% Opel Zafira
A_OpelZafira = [ -8.4023,   0.0000, -19.3377,   0.0000;
                  1.0000,   0.0000,   0.0000,   0.0000;
                  0.5373,   0.0000, -11.9708,   0.0000;
                  0.0000,   0.0000,   1.0000,   0.0000];

B_OpelZafira = [  99.2139;
                   0.0000;
                  82.3426;
                   0.0000];

% Peugeot 206cc
A_Peugeot206 = [  -8.4023,   0.0000, -19.3377,   0.0000;
                   1.0000,   0.0000,   0.0000,   0.0000;
                   0.5373,   0.0000, -11.9708,   0.0000;
                   0.0000,   0.0000,   1.0000,   0.0000];

B_Peugeot206 = [  99.2139;
                   0.0000;
                  82.3426;
                   0.0000];